******************************************************************************
Palmer Station Weather Highlights:       April, 2023

        Temperature:    Abs Max:   8.5 C                          Day: 3
                        Abs Min:   -5.9 C                         Day: 11
                            Avg:   -.2 C

        Pressure:       Abs Max:   1012.6 mb              Day: 12
                        Abs Min:   954.6 mb               Day: 23
                            Avg:   981 mb

        Wind:             Peak:    58 kts                         Day: 3
                           Avg:    16 kts
                        Days Prevailing:
                                             NNE : 9
                                             NE : 6
                                             N : 5
                                             NNW : 3
                                             ESE : 2
                                             WSW : 2
                                             SW : 1
                                             E : 1
                                             WNW : 1
                                             SSE : 0
                                             W : 0
                                             S : 0
                                             NW : 0
                                             ENE : 0
                                             SSW : 0
                                             SE : 0


        Precipitation: Rainfall:      160.8 mm                    YTD:    443.5 mm
                           Snow:      32 cm                       YTD:     cm
        Maximum Snowstake Depth:      19 cm                       Day: 27

============================= Daily Weather Data =============================
Column Titles:
        1. Day                         9. Wind 5-Sec Peak Direction
        2. Temperature High    (C)    10. Wind Average               (knots)
        3. Temperature Low     (C)    11. Wind Prevailing Direction
        4. Temperature Average (C)    12. Rainfall                   (mm)
        5. Pressure High      (mb)    13. Precipitation Snow         (cm)
        6. Pressure Low       (mb)    14. Depth at Snowstake         (cm)
        7. Pressure Average   (mb)    15. Sea Surface Temperature    (C)
        8. Wind 5-Sec Peak (knots)    16. Sea Ice                    (WMO code)

01      4.2     -1      1.4     986.3   973.9   980.6   51.3    28      21.1    NNE     6.4     0       0.8     0.5     0/6/0
02      4.4     2       3.3     990.3   981.7   984.6   47.2    26      27.7    NNE     6.1     0       0       0.9     0/6/0
03      8.5     3.7     5.2     992     982.9   988     57.8    31      31.8    NNE     34.8    0       0       1.2     0/6/0
04      4       0.8     2.5     985.2   971.2   977.5   51.1    34      27.6    NE      51.3    0       0       1.3     0/6/0
05      4       0.7     2.1     993.5   967.5   985.3   51.7    107     21.4    N       1.3     0       0       1.1     0/6/0
06      5       0.4     2.2     988.7   963     977     49.2    44      26      NNW     16.3    0       0       1.2     0/6/0
07      4.2     1.1     2.6     982.8   972.5   975.6   53.2    25      32.1    NNE     16      0       0       1.1     0/6/0
08      1.2     -2.1    -0.5    975.9   971.6   974.2   30.1    28      15      N       1.8     4       3.8     0.9     0/6/0
09      0.3     -3.1    -1.5    981.4   972.9   975.4   20.9    228     4.1     NE      0       5       8.4     0.8     0/6/0
10      -0.5    -3.7    -1.7    989.6   981.3   985.4   21.9    218     9.6     SW      1       0       8       0.8     0/6/0
11      -1.1    -5.9    -3.6    1009.7  989.5   1000.1  23.7    129     5.7     ESE     0       0       6.8     0.5     0/6/0
12      0.2     -3.2    -1.2    1012.6  1009.7  1011.5  13.9    227     3.3     NE      0       0       6.2     0.5     20690
13      0.7     -1.9    -0.3    1011.3  1004.1  1007.8  4.9     344     1.2     NNE     0.3     0       5.8     0.9     20690
14      3.4     -2.1    0.2     1004.1  991     998     36.3    27      8.1     NNE     0       0       4.6     0.7     20690
15      3       -0.3    1.5     991.1   980.2   984.6   52      34      24.1    NNE     7.6     0       3.4     0.5     0/6/0
16      1.8     -0.1    1       982.1   974.3   977.5   38.9    17      25.6    NNE     4.1     2       5.6     0.5     0/6/0
17      0.1     -2.3    -0.9    975.7   972.4   973.8   23.7    329     7.3     N       0.8     5       10.4    0.5     0/6/0
18      -1.1    -4.9    -2.6    983.2   975.3   979.8   38.7    33      11.9    NNE     0       0       9       0.6     0/6/0
19      2.2     -3.4    -1      978.5   956.5   963.8   54.3    46      23.6    ESE     0       0       6.8     1       0/6/0
20      1.4     -0.7    0.5     964.3   957.5   960.2   32.5    334     16.6    NNW     1.5     0       7.2     0.7     0/6/0
21      0.3     -2      -0.7    978.9   963.9   970.2   19.8    17      6.7     N       1.5     6       13.6    0.4     0/6/0
22      0       -4.1    -1.6    982.2   955.3   973.9   45.5    89      13.7    E       0.5     0       9.8     0.3     0/6/0
23      3.3     -0.4    0.7     974.9   954.6   966.5   42.9    29      18.4    NNW     2.3     3       13      0.6     0/6/0
24      2.2     -0.4    0.8     974.8   969.6   972.8   44.6    43      23.1    N       3.6     1       14.2    0.3     0/6/0
25      0.1     -2.4    -0.9    981.7   971.7   977.4   31.2    5       13      WSW     2.3     3       17.4    0.2     0/6/0
26      -1.4    -3.7    -2.3    984     980.9   982.4   27.1    306     12.7    WNW     0.3     0       16.2    0.1     0/6/0
27      -1.1    -3.8    -2.2    983.7   981     982.2   25.8    303     10.5    NE      0       3       19      -0.3    0/6/0
28      -1      -4.2    -2.3    986     981     983.3   33.9    39      5.4     NE      0       0       18.6    -0.5    0/6/0
29      -1.3    -4.6    -2.6    985.3   981.4   983.9   31.6    52      16.4    WSW     0.3     0       17      -0.5    0/6/0
30      0.8     -4.9    -3      985.2   966.4   977.5   48      41      17.8    NE      1       0       16.8    -0.3    20690
