******************************************************************************
Palmer Station Weather Highlights:       May, 2023

        Temperature:    Abs Max:   5.7 C                          Day: 31
                        Abs Min:   -7.6 C                         Day: 5
                            Avg:   -.5 C

        Pressure:       Abs Max:   999.1 mb               Day: 10
                        Abs Min:   949.4 mb               Day: 5
                            Avg:   977.5 mb

        Wind:             Peak:    64 kts                         Day: 8
                           Avg:    15.1 kts
                        Days Prevailing:
                                             NNE : 9
                                             NE : 4
                                             SW : 4
                                             SE : 3
                                             WSW : 3
                                             N : 2
                                             ESE : 2
                                             E : 2
                                             NNW : 1
                                             W : 1
                                             S : 0
                                             SSE : 0
                                             NW : 0
                                             WNW : 0
                                             ENE : 0
                                             SSW : 0


        Precipitation: Rainfall:      107.2 mm                    YTD:    550.7 mm
                           Snow:      54 cm                       YTD:    115 cm
        Maximum Snowstake Depth:      38.6 cm                     Day: 20

============================= Daily Weather Data =============================
Column Titles:
        1. Day                         9. Wind 5-Sec Peak Direction
        2. Temperature High    (C)    10. Wind Average               (knots)
        3. Temperature Low     (C)    11. Wind Prevailing Direction
        4. Temperature Average (C)    12. Rainfall                   (mm)
        5. Pressure High      (mb)    13. Precipitation Snow         (cm)
        6. Pressure Low       (mb)    14. Depth at Snowstake         (cm)
        7. Pressure Average   (mb)    15. Sea Surface Temperature    (C)
        8. Wind 5-Sec Peak (knots)    16. Sea Ice                    (WMO code)

01      3.3     -2.3    0.2     966.7   957.3   960.3   38.5    221     12.1    ESE     5.6     2       19.2    0.2     20690
02      -0.8    -5.1    -3      966.3   960.6   963.9   30.1    238     12.4    WSW     1       9       28.4    0.2     0/6/0
03      -2.7    -5.2    -3.7    966.1   960.6   963.4   27.4    288     10.9    SW      0.3     3       31      0.2     0/6/0
04      -2.4    -5.6    -3.9    980.8   965.4   972.7   33.4    253     15      SW      0.3     0       30.4    -0.5    0/6/0
05      -1.9    -7.6    -5.5    981.2   949.4   969.6   55.4    120     11.9    ESE     0       0       30.2    -0.4    20690
06      -1.7    -5.5    -3.2    972.7   950.5   965     49.2    126     14.3    SE      0       0       28.2    0.1     20690
07      1.6     -3      -0.7    984     972.4   975.7   53      30      20.4    NNE     0.5     0       27      0.1     20690
08      4.8     0.4     1.8     986.7   972     981.1   64.4    22      28.8    NNE     1       0       25.6    0.2     20690
09      0.6     -0.9    -0.2    996.1   981.4   987     24.3    283     9.2     W       1.3     0       23.2    0.1     20690
10      2.8     -2.3    -0.6    999.1   995.5   997.3   19.3    122     7.1     SE      0.5     1       24.6    0       20690
11      4.7     0.2     2.2     995.8   959.5   976.3   58      42      25.9    NE      6.1     0       21.4    0.2     20690
12      0.3     -2.2    -0.9    980.4   966.3   971.8   35.6    224     15.5    WSW     2.5     6       27.4    0.2     0/6/0
13      2.9     -1.8    0.5     986.1   980.3   982.9   36.6    29      19.4    NNE     0       0       26.8    -0.1    0/6/0
14      5.7     1.4     3.3     986.9   981.1   984.5   54.4    26      31.2    NNE     24.6    0       21      0       0/6/0
15      2.9     -0.6    1.1     981.3   971.6   976.9   53.4    16      20      NNE     46.2    0       14.6    0.2     0/6/0
16      -0.5    -3.3    -1.4    980.9   971.9   977.7   37.8    213     13.3    SW      0.3     20      34.6    0.1     0/6/0
17      0.3     -3.8    -1.2    978.6   967     974.9   33.5    31      5.3     E       0       0       34      0       20690
18      1       -2.1    -0.8    966.9   960.4   962.7   32.6    26      7.1     NNE     1.5     0       33.6    -0.1    20690
19      0.6     -1.6    -0.4    981.2   964.6   971.6   24.6    2       14.3    N       1.5     5       38.2    -0.5    20690
20      2.9     -4.7    -1.5    985.7   977.6   983.1   40      38      11.5    NE      0       0       38.6    -0.5    20690
21      4.6     0.7     2.8     977.7   964.8   970.8   49.4    26      22.5    NE      2.5     0       29.8    0       20690
22      2.4     -0.9    1.1     990.5   966.8   982.9   42.3    18      24.3    NNE     7.6     0       26.6    0       0/6/0
23      5       2.3     3.7     992.9   989.1   991.6   42      57      28.2    NNE     0       0       19.4    0.1     0/6/0
24      4.6     0.5     2.7     991.5   987.8   989.9   43.3    66      16      NE      0.3     0       18.4    0.1     0/6/0
25      2.1     -1      0.1     989.6   978.1   982.2   29.1    87      3.9     N       0       0       18.4    0.1     20690
26      1       -1.6    -0.3    978.5   974.1   976.1   26.2    250     2.1     NNW     1.3     0       18.4    0       20690
27      -1.5    -2.6    -2.1    984.3   974.1   979.5   27.5    236     15.2    SW      1       4       22.4    -0.2    0/6/0
28      -2.1    -3.6    -2.8    991.6   984.2   987.7   24.7    250     13.5    WSW     0       0       21.6    -0.3    0/6/0
29      -3.6    -5.6    -4.6    994.6   991.6   993.4   16.8    16      8.2     NNE     0.5     4       25.6    -0.7    20690
30      -2.1    -4      -3.2    989.2   981.2   985.2   27.7    102     9.9     E       0       0       23.2    -0.8    20690
31      5.7     -2.9    1.5     981.2   968.8   972.5   37.1    99      15.8    SE      0.8     0       22.2    -0.3    20690
